0|-70|999161
0|70|999061
-177|60|999001
-171|60|999002
-165|60|999003
-159|60|999004
-153|60|999005
-147|60|999006
-141|60|999007
-135|60|999008
-129|60|999009
-123|60|999010
-117|60|999011
-111|60|999012
-105|60|999013
-99|60|999014
-93|60|999015
-87|60|999016
-81|60|999017
-75|60|999018
-69|60|999019
-63|60|999020
-57|60|999021
-51|60|999022
-45|60|999023
-39|60|999024
-33|60|999025
-27|60|999026
-21|60|999027
-15|60|999028
-9|60|999029
-3|60|999030
3|60|999031
9|60|999032
15|60|999033
21|60|999034
27|60|999035
33|60|999036
39|60|999037
45|60|999038
51|60|999039
57|60|999040
63|60|999041
69|60|999042
75|60|999043
81|60|999044
87|60|999045
93|60|999046
99|60|999047
105|60|999048
111|60|999049
117|60|999050
123|60|999051
129|60|999052
135|60|999053
141|60|999054
147|60|999055
153|60|999056
159|60|999057
165|60|999058
171|60|999059
177|60|999060
-180|60|999060
180|60|999060
-177|-60|999101
-171|-60|999102
-165|-60|999103
-159|-60|999104
-153|-60|999105
-147|-60|999106
-141|-60|999107
-135|-60|999108
-129|-60|999109
-123|-60|999110
-117|-60|999111
-111|-60|999112
-105|-60|999113
-99|-60|999114
-93|-60|999115
-87|-60|999116
-81|-60|999117
-75|-60|999118
-69|-60|999119
-63|-60|999120
-57|-60|999121
-51|-60|999122
-45|-60|999123
-39|-60|999124
-33|-60|999125
-27|-60|999126
-21|-60|999127
-15|-60|999128
-9|-60|999129
-3|-60|999130
3|-60|999131
9|-60|999132
15|-60|999133
21|-60|999134
27|-60|999135
33|-60|999136
39|-60|999137
45|-60|999138
51|-60|999139
57|-60|999140
63|-60|999141
69|-60|999142
75|-60|999143
81|-60|999144
87|-60|999145
93|-60|999146
99|-60|999147
105|-60|999148
111|-60|999149
117|-60|999150
123|-60|999151
129|-60|999152
135|-60|999153
141|-60|999154
147|-60|999155
153|-60|999156
159|-60|999157
165|-60|999158
171|-60|999159
177|-60|999160
-180|-60|999160
180|-60|999160
world|999000
