t1|{}|POINT(0 9)
t2|{}|LINESTRING(0 0,0 9,9 9,9 0,0 0)
t3|{}|POLYGON((0 0,0 9,9 9,9 0,0 0))
t4|{}|TRIANGLE((0 0,0 9,9 0,0 0))
t5|{}|POLYGON((0 0,0 9,9 9,9 0,0 0),(1 1,1 3,3 2,1 1),(7 6,6 8,8 8,7 6))
t6|{1}|POLYGON((0 0,0 3,4 3,4 0,0 0))
t6|{2}|POLYGON((2 4,1 6,4 5,2 4),(7 6,6 8,8 8,7 6))
t7|{1}|POLYGON((0 0 0,0 0 1,0 1 1,0 1 0,0 0 0))
t7|{2}|POLYGON((0 0 0,0 1 0,1 1 0,1 0 0,0 0 0))
t8|{1}|TRIANGLE((0 0 0,0 0 1,0 1 0,0 0 0))
t8|{2}|TRIANGLE((0 0 0,0 1 0,1 1 0,0 0 0))
t9|{1}|POINT(99 98)
t9|{2}|LINESTRING(1 1,3 3)
t9|{3}|POLYGON((0 0,0 1,1 1,0 0))
t9|{4}|POLYGON((0 0,0 9,9 9,9 0,0 0),(5 5,5 6,6 6,5 5))
t9|{5,1}|POLYGON((0 0,0 9,9 9,9 0,0 0),(5 5,5 6,6 6,5 5))
t10|0
t11|0
