box2dfromgeohash_01|BOX(-115.172816 36.114646,-115.172816 36.114646)
box2dfromgeohash_02|BOX(-180 -90,180 90)
box2dfromgeohash_03|BOX(-115.172816 36.114646,-115.172816 36.114646)
box2dfromgeohash_04|BOX(-115.172816 36.114646,-115.172816 36.114646)
geomfromgeohash_01|POLYGON((-115.172816 36.114646,-115.172816 36.114646,-115.172816 36.114646,-115.172816 36.114646,-115.172816 36.114646))
geomfromgeohash_02|POLYGON((-180 -90,-180 90,180 90,180 -90,-180 -90))
geomfromgeohash_03|POLYGON((-115.172816 36.114646,-115.172816 36.114646,-115.172816 36.114646,-115.172816 36.114646,-115.172816 36.114646))
geomfromgeohash_04|POLYGON((-115.172816 36.114646,-115.172816 36.114646,-115.172816 36.114646,-115.172816 36.114646,-115.172816 36.114646))
pointfromgeohash_01|POINT(-115.172816 36.114646)
pointfromgeohash_02|POINT(0 0)
pointfromgeohash_03|POINT(-115.172816 36.114646)
pointfromgeohash_04|POINT(-115.172816 36.114646)
