point quadsegs=2|POLYGON((1 0,0.707107 -0.707107,0 -1,-0.707107 -0.707107,-1 0,-0.707107 0.707107,0 1,0.707107 0.707107,1 0))
line quadsegs=2|POLYGON((10 2,11.414214 1.414214,12 0,11.414214 -1.414214,10 -2,0 -2,-1.414214 -1.414214,-2 0,-1.414214 1.414214,0 2,10 2))
line quadsegs=2 endcap=flat|POLYGON((10 2,10 -2,0 -2,0 2,10 2))
line quadsegs=2 endcap=butt|POLYGON((10 2,10 -2,0 -2,0 2,10 2))
line quadsegs=2 endcap=square|POLYGON((10 2,12 2,12 -2,0 -2,-2 -2,-2 2,10 2))
poly quadsegs=2 join=round|POLYGON((-2 0,-2 10,-1.414214 11.414214,0 12,10 12,11.414214 11.414214,12 10,12 0,11.414214 -1.414214,10 -2,0 -2,-1.414214 -1.414214,-2 0))
poly quadsegs=2 join=bevel|POLYGON((-2 0,-2 10,0 12,10 12,12 10,12 0,10 -2,0 -2,-2 0))
poly quadsegs=2 join=mitre|POLYGON((-2 -2,-2 12,12 12,12 -2,-2 -2))
poly quadsegs=2 join=mitre mitre_limit=1|POLYGON((-1.828427 -1,-1.828427 11,-1 11.828427,11 11.828427,11.828427 11,11.828427 -1,11 -1.828427,-1 -1.828427,-1.828427 -1))
poly quadsegs=2 join=miter miter_limit=1|POLYGON((-1.828427 -1,-1.828427 11,-1 11.828427,11 11.828427,11.828427 11,11.828427 -1,11 -1.828427,-1 -1.828427,-1.828427 -1))
