0|GEOMETRYCOLLECTION EMPTY
1|LINESTRING(0 0,1 1,2 2)
2|LINESTRING(0 0,1 1,2 2,3 3)
3|MULTILINESTRING((0 0,1 1,2 2,3 3),(5 5,4 4,2 2))
4|POLYGON((0 0,10 0,10 10,0 10,0 0),(5 5,5 8,8 8,8 5,5 5))
5|MULTIPOLYGON(((0 0,10 0,10 10,0 10,0 0),(5 5,5 8,8 8,8 5,5 5)),((50 50,50 60,60 60,60 50,50 50),(55 55,55 58,58 58,58 55,55 55)))
6|MULTIPOINT(0 0,10 0,10 10,0 10,5 5,5 8,8 8,8 5,50 50,50 60,60 60,60 50,55 55,55 58,58 58,58 55)
7|GEOMETRYCOLLECTION(MULTIPOINT(0 0,10 0,10 10,0 10,5 5,5 8,8 8,8 5,50 50,50 60,60 60,60 50,55 55,55 58,58 58,58 55),MULTIPOLYGON(((0 0,10 0,10 10,0 10,0 0),(5 5,5 8,8 8,8 5,5 5)),((50 50,50 60,60 60,60 50,50 50),(55 55,55 58,58 58,58 55,55 55))))
8|POINT(0 0)
9|CURVEPOLYGON ZM (CIRCULARSTRING ZM (-2 0 0 0,-1 -1 1 2,0 0 2 4,1 -1 3 6,2 0 4 8,0 2 2 4,-2 0 0 0),(-1 0 1 2,0 0.5 2 4,1 0 3 6,0 1 3 4,-1 0 1 2))
10|LINESTRING(0 0,0 0)
11|LINESTRING(0 0,0 0)
12|3
