1|LINESTRING(0 0,0 51,50 20,30 20,7 32)
2|LINESTRING Z (0 0 3,0 51 1,50 20 6,30 20 9,7 32 10)
3|LINESTRING M (0 0 3,0 51 1,50 20 6,30 20 9,7 32 10)
4|LINESTRING ZM (0 0 3 2,0 51 1 6,50 20 6 7,30 20 9 9,7 32 10 5)
5|MULTIPOINT ZM (0 0 3 2,0 10 6 1,0 51 1 6,50 20 6 7,30 20 9 9,7 32 10 5)
6|MULTILINESTRING ZM ((0 0 3 2,0 51 1 6,50 20 6 7,7 32 10 5),(0 0 4 3,20 20 5 30))
7|POLYGON ZM ((0 0 3 2,0 51 1 6,50 20 6 7,7 32 10 5,0 0 3 2))
8|POLYGON ZM ((0 0 3 2,0 51 1 6,50 20 6 7,30 20 9 9,7 32 10 5,0 0 3 2),(1 1 4 3,1 3 2 3,18 18 5 30,1 1 4 3))
9|
10|LINESTRING(0 0,0 10)
11|MULTIPOLYGON(((100 100,100 130,130 130,130 100,100 100)))
12|MULTIPOLYGON(((100 100,100 130,130 130,130 100,100 100)))
