ndims01|4
geometrytype01|COMPOUNDCURVE
ndims02|3
geometrytype02|COMPOUNDCURVE
ndims03|3
geometrytype03|COMPOUNDCURVEM
ndims04|2
geometrytype04|COMPOUNDCURVE
ndims01|4
geometrytype01|COMPOUNDCURVE
ndims02|3
geometrytype02|COMPOUNDCURVE
ndims03|3
geometrytype03|COMPOUNDCURVEM
ndims04|2
geometrytype04|COMPOUNDCURVE
astext01|COMPOUNDCURVE(CIRCULARSTRING(0 0,0.267949192431123 1,0.585786437626905 1.4142135623731),(0.585786437626905 1.4142135623731,2 0,0 0))
astext02|COMPOUNDCURVE M (CIRCULARSTRING M (0 0 0,0.267949192431123 1 -2,0.585786437626905 1.4142135623731 2),(0.585786437626905 1.4142135623731 2,2 0 0,0 0 0))
astext03|COMPOUNDCURVE Z (CIRCULARSTRING Z (0 0 0,0.267949192431123 1 3,0.585786437626905 1.4142135623731 1),(0.585786437626905 1.4142135623731 1,2 0 0,0 0 0))
astext04|COMPOUNDCURVE ZM (CIRCULARSTRING ZM (0 0 0 0,0.267949192431123 1 3 -2,0.585786437626905 1.4142135623731 1 2),(0.585786437626905 1.4142135623731 1 2,2 0 0 0,0 0 0 0))
asewkt01|COMPOUNDCURVE(CIRCULARSTRING(0 0,0.267949192431123 1,0.585786437626905 1.4142135623731),(0.585786437626905 1.4142135623731,2 0,0 0))
asewkt02|COMPOUNDCURVEM(CIRCULARSTRINGM(0 0 0,0.267949192431123 1 -2,0.585786437626905 1.4142135623731 2),(0.585786437626905 1.4142135623731 2,2 0 0,0 0 0))
asewkt03|COMPOUNDCURVE(CIRCULARSTRING(0 0 0,0.267949192431123 1 3,0.585786437626905 1.4142135623731 1),(0.585786437626905 1.4142135623731 1,2 0 0,0 0 0))
asewkt04|COMPOUNDCURVE(CIRCULARSTRING(0 0 0 0,0.267949192431123 1 3 -2,0.585786437626905 1.4142135623731 1 2),(0.585786437626905 1.4142135623731 1 2,2 0 0 0,0 0 0 0))
ST_CurveToLine-201|LINESTRING(0 0,0.58578644 1.41421356,2 0,0 0)
ST_CurveToLine-202|LINESTRINGM(0 0 0,0.58578644 1.41421356 2,2 0 0,0 0 0)
ST_CurveToLine-203|LINESTRING(0 0 0,0.58578644 1.41421356 1,2 0 0,0 0 0)
ST_CurveToLine-204|LINESTRING(0 0 0 0,0.58578644 1.41421356 1 2,2 0 0 0,0 0 0 0)
ST_CurveToLine-401|LINESTRING(0 0,0.15224093 0.76536686,0.58578644 1.41421356,2 0,0 0)
ST_CurveToLine-402|LINESTRINGM(0 0 0,0.15224093 0.76536686 -1.5,0.58578644 1.41421356 2,2 0 0,0 0 0)
ST_CurveToLine-403|LINESTRING(0 0 0,0.15224093 0.76536686 2.25,0.58578644 1.41421356 1,2 0 0,0 0 0)
ST_CurveToLine-404|LINESTRING(0 0 0 0,0.15224093 0.76536686 2.25 -1.5,0.58578644 1.41421356 1 2,2 0 0 0,0 0 0 0)
ST_CurveToLine01|LINESTRING(0 0,0.00240909 0.09813535,0.00963055 0.19603428,0.02164698 0.29346095,0.03842944 0.39018064,0.05993749 0.48596036,0.08611933 0.58056935,0.11691187 0.67377971,0.15224093 0.76536686,0.19202141 0.85511019,0.23615747 0.94279347,0.28454278 1.02820549,0.33706078 1.11114047,0.39358494 1.19139861,0.45397909 1.26878657,0.51809775 1.34311791,0.58578644 1.41421356,2 0,0 0)
ST_CurveToLine02|LINESTRINGM(0 0 0,0.00240909 0.09813535 -0.1875,0.00963055 0.19603428 -0.375,0.02164698 0.29346095 -0.5625,0.03842944 0.39018064 -0.75,0.05993749 0.48596036 -0.9375,0.08611933 0.58056935 -1.125,0.11691187 0.67377971 -1.3125,0.15224093 0.76536686 -1.5,0.19202141 0.85511019 -1.6875,0.23615747 0.94279347 -1.875,0.28454278 1.02820549 -1.75,0.33706078 1.11114047 -1,0.39358494 1.19139861 -0.25,0.45397909 1.26878657 0.5,0.51809775 1.34311791 1.25,0.58578644 1.41421356 2,2 0 0,0 0 0)
ST_CurveToLine03|LINESTRING(0 0 0,0.00240909 0.09813535 0.28125,0.00963055 0.19603428 0.5625,0.02164698 0.29346095 0.84375,0.03842944 0.39018064 1.125,0.05993749 0.48596036 1.40625,0.08611933 0.58056935 1.6875,0.11691187 0.67377971 1.96875,0.15224093 0.76536686 2.25,0.19202141 0.85511019 2.53125,0.23615747 0.94279347 2.8125,0.28454278 1.02820549 2.875,0.33706078 1.11114047 2.5,0.39358494 1.19139861 2.125,0.45397909 1.26878657 1.75,0.51809775 1.34311791 1.375,0.58578644 1.41421356 1,2 0 0,0 0 0)
ST_CurveToLine04|LINESTRING(0 0 0 0,0.00240909 0.09813535 0.28125 -0.1875,0.00963055 0.19603428 0.5625 -0.375,0.02164698 0.29346095 0.84375 -0.5625,0.03842944 0.39018064 1.125 -0.75,0.05993749 0.48596036 1.40625 -0.9375,0.08611933 0.58056935 1.6875 -1.125,0.11691187 0.67377971 1.96875 -1.3125,0.15224093 0.76536686 2.25 -1.5,0.19202141 0.85511019 2.53125 -1.6875,0.23615747 0.94279347 2.8125 -1.875,0.28454278 1.02820549 2.875 -1.75,0.33706078 1.11114047 2.5 -1,0.39358494 1.19139861 2.125 -0.25,0.45397909 1.26878657 1.75 0.5,0.51809775 1.34311791 1.375 1.25,0.58578644 1.41421356 1 2,2 0 0 0,0 0 0 0)
astext01|COMPOUNDCURVE(CIRCULARSTRING(0 0,0.267949192431123 1,0.585786437626905 1.4142135623731),(0.585786437626905 1.4142135623731,2 0,0 0))
astext02|COMPOUNDCURVE M (CIRCULARSTRING M (0 0 0,0.267949192431123 1 -2,0.585786437626905 1.4142135623731 2),(0.585786437626905 1.4142135623731 2,2 0 0,0 0 0))
astext03|COMPOUNDCURVE Z (CIRCULARSTRING Z (0 0 0,0.267949192431123 1 3,0.585786437626905 1.4142135623731 1),(0.585786437626905 1.4142135623731 1,2 0 0,0 0 0))
astext04|COMPOUNDCURVE ZM (CIRCULARSTRING ZM (0 0 0 0,0.267949192431123 1 3 -2,0.585786437626905 1.4142135623731 1 2),(0.585786437626905 1.4142135623731 1 2,2 0 0 0,0 0 0 0))
asewkt01|COMPOUNDCURVE(CIRCULARSTRING(0 0,0.267949192431123 1,0.585786437626905 1.4142135623731),(0.585786437626905 1.4142135623731,2 0,0 0))
asewkt02|COMPOUNDCURVEM(CIRCULARSTRINGM(0 0 0,0.267949192431123 1 -2,0.585786437626905 1.4142135623731 2),(0.585786437626905 1.4142135623731 2,2 0 0,0 0 0))
asewkt03|COMPOUNDCURVE(CIRCULARSTRING(0 0 0,0.267949192431123 1 3,0.585786437626905 1.4142135623731 1),(0.585786437626905 1.4142135623731 1,2 0 0,0 0 0))
asewkt04|COMPOUNDCURVE(CIRCULARSTRING(0 0 0 0,0.267949192431123 1 3 -2,0.585786437626905 1.4142135623731 1 2),(0.585786437626905 1.4142135623731 1 2,2 0 0 0,0 0 0 0))
ERROR:  Exception in LWGEOM2GEOS: curved geometry not supported.
ERROR:  Exception in LWGEOM2GEOS: curved geometry not supported.
ERROR:  Exception in LWGEOM2GEOS: curved geometry not supported.
ERROR:  Exception in LWGEOM2GEOS: curved geometry not supported.
dimension01|1
dimension02|1
dimension03|1
dimension04|1
SRID01|0
SRID02|0
SRID03|0
SRID04|0
ERROR:  Exception in LWGEOM2GEOS: curved geometry not supported.
ERROR:  Exception in LWGEOM2GEOS: curved geometry not supported.
ERROR:  Exception in LWGEOM2GEOS: curved geometry not supported.
ERROR:  Exception in LWGEOM2GEOS: curved geometry not supported.
envelope01|POLYGON((0 0,0 1.41421356,2 1.41421356,2 0,0 0))
envelope02|POLYGON((0 0,0 1.41421356,2 1.41421356,2 0,0 0))
envelope03|POLYGON((0 0,0 1.41421356,2 1.41421356,2 0,0 0))
envelope04|POLYGON((0 0,0 1.41421356,2 1.41421356,2 0,0 0))
public.compoundcurve.the_geom_4d effectively removed.
public.compoundcurve.the_geom_3dz effectively removed.
public.compoundcurve.the_geom_3dm effectively removed.
public.compoundcurve.the_geom_2d effectively removed.
valid wkt compound curve 1|0109000000020000000102000000030000009fe5797057376340e09398b1b2373bc05aae0a165f0963409f6760a2493d3dc0db6286dfb057634082d8a1b32f843ec0010200000004000000db6286dfb057634082d8a1b32f843ec075b4e4d0c60c634031fa5d1a371540c0d7197ced9b636340a3cb59a7630a41c050f4a72ac0fb6240974769fce3cf41c0
valid wkt compound curve 2|0109000000010000000102000000060000009fe5797057376340e09398b1b2373bc05aae0a165f0963409f6760a2493d3dc0db6286dfb057634082d8a1b32f843ec075b4e4d0c60c634031fa5d1a371540c0d7197ced9b636340a3cb59a7630a41c050f4a72ac0fb6240974769fce3cf41c0
valid wkt compound curve 3|0109000000010000000102000000030000000ce586d73cf36240bbc46888f0523bc0102e91c951e76240df90a1bec0f841c0f970c100ffd7624074ade6ce86cd3bc0
valid wkt compound curve 4|0109000000020000000102000000030000009fe5797057376340e09398b1b2373bc05aae0a165f0963409f6760a2493d3dc0db6286dfb057634082d8a1b32f843ec0010800000005000000db6286dfb057634082d8a1b32f843ec0db6286dfb057634082d8a1b32f843ec075b4e4d0c60c634031fa5d1a371540c0d7197ced9b636340a3cb59a7630a41c050f4a72ac0fb6240974769fce3cf41c0
valid wkt compound curve 5|010900000003000000010800000003000000468280e724bc6340bf4b46210b973bc0f890aea18d8063402d9664151d483cc0eed64bb6ee726340903ca5bda0863ac0010200000004000000eed64bb6ee726340903ca5bda0863ac09fe5797057376340e09398b1b2373bc05aae0a165f0963409f6760a2493d3dc0db6286dfb057634082d8a1b32f843ec0010800000005000000db6286dfb057634082d8a1b32f843ec0db6286dfb057634082d8a1b32f843ec075b4e4d0c60c634031fa5d1a371540c0d7197ced9b636340a3cb59a7630a41c050f4a72ac0fb6240974769fce3cf41c0
ERROR:  incontinuous compound curve
ERROR:  incontinuous compound curve
ERROR:  geometry must have an odd number of points
valid wkb compound curve 1|COMPOUNDCURVE((153.72942375 -27.2175704,152.29285719 -29.23940482,154.74034096 -30.51635287),(154.74034096 -30.51635287,152.39926953 -32.16574411,155.11278414 -34.08116619,151.86720784 -35.62414508))
valid wkb compound curve 2|COMPOUNDCURVE((153.72942375 -27.2175704,152.29285719 -29.23940482,154.74034096 -30.51635287,152.39926953 -32.16574411,155.11278414 -34.08116619,151.86720784 -35.62414508))
valid wkb compound curve 3|COMPOUNDCURVE((151.60117699 -27.32398274,151.22873381 -35.9433821,150.74987829 -27.80283826))
valid wkb compound curve 4|COMPOUNDCURVE((153.72942375 -27.2175704,152.29285719 -29.23940482,154.74034096 -30.51635287),CIRCULARSTRING(154.74034096 -30.51635287,154.74034096 -30.51635287,152.39926953 -32.16574411,155.11278414 -34.08116619,151.86720784 -35.62414508))
valid wkb compound curve 5|COMPOUNDCURVE(CIRCULARSTRING(157.87950492 -27.59001358,156.01728901 -28.28169378,155.59163966 -26.52589021),(155.59163966 -26.52589021,153.72942375 -27.2175704,152.29285719 -29.23940482,154.74034096 -30.51635287),CIRCULARSTRING(154.74034096 -30.51635287,154.74034096 -30.51635287,152.39926953 -32.16574411,155.11278414 -34.08116619,151.86720784 -35.62414508))
null response|
minpoints issues - pass|01090000000100000001020000000200000000000000000000000000000000000000000000000000f03f000000000000f03f
minpoints issues - pass|010900000001000000010800000003000000000000000000000000000000000000000000000000000000000000000000f03f000000000000f03f000000000000f03f
ERROR:  geometry requires more points
ERROR:  geometry requires more points
ERROR:  geometry requires more points
