ndims01|4
geometrytype01|CURVEPOLYGON
ndims02|3
geometrytype02|CURVEPOLYGON
ndims03|3
geometrytype03|CURVEPOLYGONM
ndims04|2
geometrytype04|CURVEPOLYGON
ndims05|4
ST_CurveToLine-201|POLYGON((-2 0,-1.70710678 -0.70710678,-1 -1,-0.29289322 -0.70710678,0 0,0.29289322 -0.70710678,1 -1,1.70710678 -0.70710678,2 0,1.41421356 1.41421356,0 2,-1.41421356 1.41421356,-2 0),(-1 0,0 0.5,1 0,0 1,-1 0))
ST_CurveToLine-202|POLYGONM((-2 0 0,-1.70710678 -0.70710678 1,-1 -1 2,-0.29289322 -0.70710678 3,0 0 4,0.29289322 -0.70710678 5,1 -1 6,1.70710678 -0.70710678 7,2 0 8,1.41421356 1.41421356 6,0 2 4,-1.41421356 1.41421356 2,-2 0 0),(-1 0 2,0 0.5 4,1 0 6,0 1 4,-1 0 2))
ST_CurveToLine-203|POLYGON((-2 0 0,-1.70710678 -0.70710678 0.5,-1 -1 1,-0.29289322 -0.70710678 1.5,0 0 2,0.29289322 -0.70710678 2.5,1 -1 3,1.70710678 -0.70710678 3.5,2 0 4,1.41421356 1.41421356 3,0 2 2,-1.41421356 1.41421356 1,-2 0 0),(-1 0 1,0 0.5 2,1 0 3,0 1 3,-1 0 1))
ST_CurveToLine-204|POLYGON((-2 0 0 0,-1.70710678 -0.70710678 0.5 1,-1 -1 1 2,-0.29289322 -0.70710678 1.5 3,0 0 2 4,0.29289322 -0.70710678 2.5 5,1 -1 3 6,1.70710678 -0.70710678 3.5 7,2 0 4 8,1.41421356 1.41421356 3 6,0 2 2 4,-1.41421356 1.41421356 1 2,-2 0 0 0),(-1 0 1 2,0 0.5 2 4,1 0 3 6,0 1 3 4,-1 0 1 2))
ST_CurveToLine-401|POLYGON((-2 0,-1.92387953 -0.38268343,-1.70710678 -0.70710678,-1.38268343 -0.92387953,-1 -1,-0.61731657 -0.92387953,-0.29289322 -0.70710678,-0.07612047 -0.38268343,0 0,0.07612047 -0.38268343,0.29289322 -0.70710678,0.61731657 -0.92387953,1 -1,1.38268343 -0.92387953,1.70710678 -0.70710678,1.92387953 -0.38268343,2 0,1.84775907 0.76536686,1.41421356 1.41421356,0.76536686 1.84775907,0 2,-0.76536686 1.84775907,-1.41421356 1.41421356,-1.84775907 0.76536686,-2 0),(-1 0,0 0.5,1 0,0 1,-1 0))
ST_CurveToLine-402|POLYGONM((-2 0 0,-1.92387953 -0.38268343 0.5,-1.70710678 -0.70710678 1,-1.38268343 -0.92387953 1.5,-1 -1 2,-0.61731657 -0.92387953 2.5,-0.29289322 -0.70710678 3,-0.07612047 -0.38268343 3.5,0 0 4,0.07612047 -0.38268343 4.5,0.29289322 -0.70710678 5,0.61731657 -0.92387953 5.5,1 -1 6,1.38268343 -0.92387953 6.5,1.70710678 -0.70710678 7,1.92387953 -0.38268343 7.5,2 0 8,1.84775907 0.76536686 7,1.41421356 1.41421356 6,0.76536686 1.84775907 5,0 2 4,-0.76536686 1.84775907 3,-1.41421356 1.41421356 2,-1.84775907 0.76536686 1,-2 0 0),(-1 0 2,0 0.5 4,1 0 6,0 1 4,-1 0 2))
ST_CurveToLine-403|POLYGON((-2 0 0,-1.92387953 -0.38268343 0.25,-1.70710678 -0.70710678 0.5,-1.38268343 -0.92387953 0.75,-1 -1 1,-0.61731657 -0.92387953 1.25,-0.29289322 -0.70710678 1.5,-0.07612047 -0.38268343 1.75,0 0 2,0.07612047 -0.38268343 2.25,0.29289322 -0.70710678 2.5,0.61731657 -0.92387953 2.75,1 -1 3,1.38268343 -0.92387953 3.25,1.70710678 -0.70710678 3.5,1.92387953 -0.38268343 3.75,2 0 4,1.84775907 0.76536686 3.5,1.41421356 1.41421356 3,0.76536686 1.84775907 2.5,0 2 2,-0.76536686 1.84775907 1.5,-1.41421356 1.41421356 1,-1.84775907 0.76536686 0.5,-2 0 0),(-1 0 1,0 0.5 2,1 0 3,0 1 3,-1 0 1))
ST_CurveToLine-404|POLYGON((-2 0 0 0,-1.92387953 -0.38268343 0.25 0.5,-1.70710678 -0.70710678 0.5 1,-1.38268343 -0.92387953 0.75 1.5,-1 -1 1 2,-0.61731657 -0.92387953 1.25 2.5,-0.29289322 -0.70710678 1.5 3,-0.07612047 -0.38268343 1.75 3.5,0 0 2 4,0.07612047 -0.38268343 2.25 4.5,0.29289322 -0.70710678 2.5 5,0.61731657 -0.92387953 2.75 5.5,1 -1 3 6,1.38268343 -0.92387953 3.25 6.5,1.70710678 -0.70710678 3.5 7,1.92387953 -0.38268343 3.75 7.5,2 0 4 8,1.84775907 0.76536686 3.5 7,1.41421356 1.41421356 3 6,0.76536686 1.84775907 2.5 5,0 2 2 4,-0.76536686 1.84775907 1.5 3,-1.41421356 1.41421356 1 2,-1.84775907 0.76536686 0.5 1,-2 0 0 0),(-1 0 1 2,0 0.5 2 4,1 0 3 6,0 1 3 4,-1 0 1 2))
ST_CurveToLine01|POLYGON((-2 0,-1.99879546 -0.04906767,-1.99518473 -0.09801714,-1.98917651 -0.14673047,-1.98078528 -0.19509032,-1.97003125 -0.24298018,-1.95694034 -0.29028468,-1.94154407 -0.33688985,-1.92387953 -0.38268343,-1.90398929 -0.42755509,-1.88192126 -0.47139674,-1.85772861 -0.51410274,-1.83146961 -0.55557023,-1.80320753 -0.5956993,-1.77301045 -0.63439328,-1.74095113 -0.67155895,-1.70710678 -0.70710678,-1.67155895 -0.74095113,-1.63439328 -0.77301045,-1.5956993 -0.80320753,-1.55557023 -0.83146961,-1.51410274 -0.85772861,-1.47139674 -0.88192126,-1.42755509 -0.90398929,-1.38268343 -0.92387953,-1.33688985 -0.94154407,-1.29028468 -0.95694034,-1.24298018 -0.97003125,-1.19509032 -0.98078528,-1.14673047 -0.98917651,-1.09801714 -0.99518473,-1.04906767 -0.99879546,-1 -1,-0.95093233 -0.99879546,-0.90198286 -0.99518473,-0.85326953 -0.98917651,-0.80490968 -0.98078528,-0.75701982 -0.97003125,-0.70971532 -0.95694034,-0.66311015 -0.94154407,-0.61731657 -0.92387953,-0.57244491 -0.90398929,-0.52860326 -0.88192126,-0.48589726 -0.85772861,-0.44442977 -0.83146961,-0.4043007 -0.80320753,-0.36560672 -0.77301045,-0.32844105 -0.74095113,-0.29289322 -0.70710678,-0.25904887 -0.67155895,-0.22698955 -0.63439328,-0.19679247 -0.5956993,-0.16853039 -0.55557023,-0.14227139 -0.51410274,-0.11807874 -0.47139674,-0.09601071 -0.42755509,-0.07612047 -0.38268343,-0.05845593 -0.33688985,-0.04305966 -0.29028468,-0.02996875 -0.24298018,-0.01921472 -0.19509032,-0.01082349 -0.14673047,-0.00481527 -0.09801714,-0.00120454 -0.04906767,0 0,0.00120454 -0.04906767,0.00481527 -0.09801714,0.01082349 -0.14673047,0.01921472 -0.19509032,0.02996875 -0.24298018,0.04305966 -0.29028468,0.05845593 -0.33688985,0.07612047 -0.38268343,0.09601071 -0.42755509,0.11807874 -0.47139674,0.14227139 -0.51410274,0.16853039 -0.55557023,0.19679247 -0.5956993,0.22698955 -0.63439328,0.25904887 -0.67155895,0.29289322 -0.70710678,0.32844105 -0.74095113,0.36560672 -0.77301045,0.4043007 -0.80320753,0.44442977 -0.83146961,0.48589726 -0.85772861,0.52860326 -0.88192126,0.57244491 -0.90398929,0.61731657 -0.92387953,0.66311015 -0.94154407,0.70971532 -0.95694034,0.75701982 -0.97003125,0.80490968 -0.98078528,0.85326953 -0.98917651,0.90198286 -0.99518473,0.95093233 -0.99879546,1 -1,1.04906767 -0.99879546,1.09801714 -0.99518473,1.14673047 -0.98917651,1.19509032 -0.98078528,1.24298018 -0.97003125,1.29028468 -0.95694034,1.33688985 -0.94154407,1.38268343 -0.92387953,1.42755509 -0.90398929,1.47139674 -0.88192126,1.51410274 -0.85772861,1.55557023 -0.83146961,1.5956993 -0.80320753,1.63439328 -0.77301045,1.67155895 -0.74095113,1.70710678 -0.70710678,1.74095113 -0.67155895,1.77301045 -0.63439328,1.80320753 -0.5956993,1.83146961 -0.55557023,1.85772861 -0.51410274,1.88192126 -0.47139674,1.90398929 -0.42755509,1.92387953 -0.38268343,1.94154407 -0.33688985,1.95694034 -0.29028468,1.97003125 -0.24298018,1.98078528 -0.19509032,1.98917651 -0.14673047,1.99518473 -0.09801714,1.99879546 -0.04906767,2 0,1.99759091 0.09813535,1.99036945 0.19603428,1.97835302 0.29346095,1.96157056 0.39018064,1.94006251 0.48596036,1.91388067 0.58056935,1.88308813 0.67377971,1.84775907 0.76536686,1.80797859 0.85511019,1.76384253 0.94279347,1.71545722 1.02820549,1.66293922 1.11114047,1.60641506 1.19139861,1.54602091 1.26878657,1.48190225 1.34311791,1.41421356 1.41421356,1.34311791 1.48190225,1.26878657 1.54602091,1.19139861 1.60641506,1.11114047 1.66293922,1.02820549 1.71545722,0.94279347 1.76384253,0.85511019 1.80797859,0.76536686 1.84775907,0.67377971 1.88308813,0.58056935 1.91388067,0.48596036 1.94006251,0.39018064 1.96157056,0.29346095 1.97835302,0.19603428 1.99036945,0.09813535 1.99759091,0 2,-0.09813535 1.99759091,-0.19603428 1.99036945,-0.29346095 1.97835302,-0.39018064 1.96157056,-0.48596036 1.94006251,-0.58056935 1.91388067,-0.67377971 1.88308813,-0.76536686 1.84775907,-0.85511019 1.80797859,-0.94279347 1.76384253,-1.02820549 1.71545722,-1.11114047 1.66293922,-1.19139861 1.60641506,-1.26878657 1.54602091,-1.34311791 1.48190225,-1.41421356 1.41421356,-1.48190225 1.34311791,-1.54602091 1.26878657,-1.60641506 1.19139861,-1.66293922 1.11114047,-1.71545722 1.02820549,-1.76384253 0.94279347,-1.80797859 0.85511019,-1.84775907 0.76536686,-1.88308813 0.67377971,-1.91388067 0.58056935,-1.94006251 0.48596036,-1.96157056 0.39018064,-1.97835302 0.29346095,-1.99036945 0.19603428,-1.99759091 0.09813535,-2 0),(-1 0,0 0.5,1 0,0 1,-1 0))
ST_CurveToLine02|POLYGONM((-2 0 0,-1.99879546 -0.04906767 0.0625,-1.99518473 -0.09801714 0.125,-1.98917651 -0.14673047 0.1875,-1.98078528 -0.19509032 0.25,-1.97003125 -0.24298018 0.3125,-1.95694034 -0.29028468 0.375,-1.94154407 -0.33688985 0.4375,-1.92387953 -0.38268343 0.5,-1.90398929 -0.42755509 0.5625,-1.88192126 -0.47139674 0.625,-1.85772861 -0.51410274 0.6875,-1.83146961 -0.55557023 0.75,-1.80320753 -0.5956993 0.8125,-1.77301045 -0.63439328 0.875,-1.74095113 -0.67155895 0.9375,-1.70710678 -0.70710678 1,-1.67155895 -0.74095113 1.0625,-1.63439328 -0.77301045 1.125,-1.5956993 -0.80320753 1.1875,-1.55557023 -0.83146961 1.25,-1.51410274 -0.85772861 1.3125,-1.47139674 -0.88192126 1.375,-1.42755509 -0.90398929 1.4375,-1.38268343 -0.92387953 1.5,-1.33688985 -0.94154407 1.5625,-1.29028468 -0.95694034 1.625,-1.24298018 -0.97003125 1.6875,-1.19509032 -0.98078528 1.75,-1.14673047 -0.98917651 1.8125,-1.09801714 -0.99518473 1.875,-1.04906767 -0.99879546 1.9375,-1 -1 2,-0.95093233 -0.99879546 2.0625,-0.90198286 -0.99518473 2.125,-0.85326953 -0.98917651 2.1875,-0.80490968 -0.98078528 2.25,-0.75701982 -0.97003125 2.3125,-0.70971532 -0.95694034 2.375,-0.66311015 -0.94154407 2.4375,-0.61731657 -0.92387953 2.5,-0.57244491 -0.90398929 2.5625,-0.52860326 -0.88192126 2.625,-0.48589726 -0.85772861 2.6875,-0.44442977 -0.83146961 2.75,-0.4043007 -0.80320753 2.8125,-0.36560672 -0.77301045 2.875,-0.32844105 -0.74095113 2.9375,-0.29289322 -0.70710678 3,-0.25904887 -0.67155895 3.0625,-0.22698955 -0.63439328 3.125,-0.19679247 -0.5956993 3.1875,-0.16853039 -0.55557023 3.25,-0.14227139 -0.51410274 3.3125,-0.11807874 -0.47139674 3.375,-0.09601071 -0.42755509 3.4375,-0.07612047 -0.38268343 3.5,-0.05845593 -0.33688985 3.5625,-0.04305966 -0.29028468 3.625,-0.02996875 -0.24298018 3.6875,-0.01921472 -0.19509032 3.75,-0.01082349 -0.14673047 3.8125,-0.00481527 -0.09801714 3.875,-0.00120454 -0.04906767 3.9375,0 0 4,0.00120454 -0.04906767 4.0625,0.00481527 -0.09801714 4.125,0.01082349 -0.14673047 4.1875,0.01921472 -0.19509032 4.25,0.02996875 -0.24298018 4.3125,0.04305966 -0.29028468 4.375,0.05845593 -0.33688985 4.4375,0.07612047 -0.38268343 4.5,0.09601071 -0.42755509 4.5625,0.11807874 -0.47139674 4.625,0.14227139 -0.51410274 4.6875,0.16853039 -0.55557023 4.75,0.19679247 -0.5956993 4.8125,0.22698955 -0.63439328 4.875,0.25904887 -0.67155895 4.9375,0.29289322 -0.70710678 5,0.32844105 -0.74095113 5.0625,0.36560672 -0.77301045 5.125,0.4043007 -0.80320753 5.1875,0.44442977 -0.83146961 5.25,0.48589726 -0.85772861 5.3125,0.52860326 -0.88192126 5.375,0.57244491 -0.90398929 5.4375,0.61731657 -0.92387953 5.5,0.66311015 -0.94154407 5.5625,0.70971532 -0.95694034 5.625,0.75701982 -0.97003125 5.6875,0.80490968 -0.98078528 5.75,0.85326953 -0.98917651 5.8125,0.90198286 -0.99518473 5.875,0.95093233 -0.99879546 5.9375,1 -1 6,1.04906767 -0.99879546 6.0625,1.09801714 -0.99518473 6.125,1.14673047 -0.98917651 6.1875,1.19509032 -0.98078528 6.25,1.24298018 -0.97003125 6.3125,1.29028468 -0.95694034 6.375,1.33688985 -0.94154407 6.4375,1.38268343 -0.92387953 6.5,1.42755509 -0.90398929 6.5625,1.47139674 -0.88192126 6.625,1.51410274 -0.85772861 6.6875,1.55557023 -0.83146961 6.75,1.5956993 -0.80320753 6.8125,1.63439328 -0.77301045 6.875,1.67155895 -0.74095113 6.9375,1.70710678 -0.70710678 7,1.74095113 -0.67155895 7.0625,1.77301045 -0.63439328 7.125,1.80320753 -0.5956993 7.1875,1.83146961 -0.55557023 7.25,1.85772861 -0.51410274 7.3125,1.88192126 -0.47139674 7.375,1.90398929 -0.42755509 7.4375,1.92387953 -0.38268343 7.5,1.94154407 -0.33688985 7.5625,1.95694034 -0.29028468 7.625,1.97003125 -0.24298018 7.6875,1.98078528 -0.19509032 7.75,1.98917651 -0.14673047 7.8125,1.99518473 -0.09801714 7.875,1.99879546 -0.04906767 7.9375,2 0 8,1.99759091 0.09813535 7.875,1.99036945 0.19603428 7.75,1.97835302 0.29346095 7.625,1.96157056 0.39018064 7.5,1.94006251 0.48596036 7.375,1.91388067 0.58056935 7.25,1.88308813 0.67377971 7.125,1.84775907 0.76536686 7,1.80797859 0.85511019 6.875,1.76384253 0.94279347 6.75,1.71545722 1.02820549 6.625,1.66293922 1.11114047 6.5,1.60641506 1.19139861 6.375,1.54602091 1.26878657 6.25,1.48190225 1.34311791 6.125,1.41421356 1.41421356 6,1.34311791 1.48190225 5.875,1.26878657 1.54602091 5.75,1.19139861 1.60641506 5.625,1.11114047 1.66293922 5.5,1.02820549 1.71545722 5.375,0.94279347 1.76384253 5.25,0.85511019 1.80797859 5.125,0.76536686 1.84775907 5,0.67377971 1.88308813 4.875,0.58056935 1.91388067 4.75,0.48596036 1.94006251 4.625,0.39018064 1.96157056 4.5,0.29346095 1.97835302 4.375,0.19603428 1.99036945 4.25,0.09813535 1.99759091 4.125,0 2 4,-0.09813535 1.99759091 3.875,-0.19603428 1.99036945 3.75,-0.29346095 1.97835302 3.625,-0.39018064 1.96157056 3.5,-0.48596036 1.94006251 3.375,-0.58056935 1.91388067 3.25,-0.67377971 1.88308813 3.125,-0.76536686 1.84775907 3,-0.85511019 1.80797859 2.875,-0.94279347 1.76384253 2.75,-1.02820549 1.71545722 2.625,-1.11114047 1.66293922 2.5,-1.19139861 1.60641506 2.375,-1.26878657 1.54602091 2.25,-1.34311791 1.48190225 2.125,-1.41421356 1.41421356 2,-1.48190225 1.34311791 1.875,-1.54602091 1.26878657 1.75,-1.60641506 1.19139861 1.625,-1.66293922 1.11114047 1.5,-1.71545722 1.02820549 1.375,-1.76384253 0.94279347 1.25,-1.80797859 0.85511019 1.125,-1.84775907 0.76536686 1,-1.88308813 0.67377971 0.875,-1.91388067 0.58056935 0.75,-1.94006251 0.48596036 0.625,-1.96157056 0.39018064 0.5,-1.97835302 0.29346095 0.375,-1.99036945 0.19603428 0.25,-1.99759091 0.09813535 0.125,-2 0 0),(-1 0 2,0 0.5 4,1 0 6,0 1 4,-1 0 2))
ST_CurveToLine03|POLYGON((-2 0 0,-1.99879546 -0.04906767 0.03125,-1.99518473 -0.09801714 0.0625,-1.98917651 -0.14673047 0.09375,-1.98078528 -0.19509032 0.125,-1.97003125 -0.24298018 0.15625,-1.95694034 -0.29028468 0.1875,-1.94154407 -0.33688985 0.21875,-1.92387953 -0.38268343 0.25,-1.90398929 -0.42755509 0.28125,-1.88192126 -0.47139674 0.3125,-1.85772861 -0.51410274 0.34375,-1.83146961 -0.55557023 0.375,-1.80320753 -0.5956993 0.40625,-1.77301045 -0.63439328 0.4375,-1.74095113 -0.67155895 0.46875,-1.70710678 -0.70710678 0.5,-1.67155895 -0.74095113 0.53125,-1.63439328 -0.77301045 0.5625,-1.5956993 -0.80320753 0.59375,-1.55557023 -0.83146961 0.625,-1.51410274 -0.85772861 0.65625,-1.47139674 -0.88192126 0.6875,-1.42755509 -0.90398929 0.71875,-1.38268343 -0.92387953 0.75,-1.33688985 -0.94154407 0.78125,-1.29028468 -0.95694034 0.8125,-1.24298018 -0.97003125 0.84375,-1.19509032 -0.98078528 0.875,-1.14673047 -0.98917651 0.90625,-1.09801714 -0.99518473 0.9375,-1.04906767 -0.99879546 0.96875,-1 -1 1,-0.95093233 -0.99879546 1.03125,-0.90198286 -0.99518473 1.0625,-0.85326953 -0.98917651 1.09375,-0.80490968 -0.98078528 1.125,-0.75701982 -0.97003125 1.15625,-0.70971532 -0.95694034 1.1875,-0.66311015 -0.94154407 1.21875,-0.61731657 -0.92387953 1.25,-0.57244491 -0.90398929 1.28125,-0.52860326 -0.88192126 1.3125,-0.48589726 -0.85772861 1.34375,-0.44442977 -0.83146961 1.375,-0.4043007 -0.80320753 1.40625,-0.36560672 -0.77301045 1.4375,-0.32844105 -0.74095113 1.46875,-0.29289322 -0.70710678 1.5,-0.25904887 -0.67155895 1.53125,-0.22698955 -0.63439328 1.5625,-0.19679247 -0.5956993 1.59375,-0.16853039 -0.55557023 1.625,-0.14227139 -0.51410274 1.65625,-0.11807874 -0.47139674 1.6875,-0.09601071 -0.42755509 1.71875,-0.07612047 -0.38268343 1.75,-0.05845593 -0.33688985 1.78125,-0.04305966 -0.29028468 1.8125,-0.02996875 -0.24298018 1.84375,-0.01921472 -0.19509032 1.875,-0.01082349 -0.14673047 1.90625,-0.00481527 -0.09801714 1.9375,-0.00120454 -0.04906767 1.96875,0 0 2,0.00120454 -0.04906767 2.03125,0.00481527 -0.09801714 2.0625,0.01082349 -0.14673047 2.09375,0.01921472 -0.19509032 2.125,0.02996875 -0.24298018 2.15625,0.04305966 -0.29028468 2.1875,0.05845593 -0.33688985 2.21875,0.07612047 -0.38268343 2.25,0.09601071 -0.42755509 2.28125,0.11807874 -0.47139674 2.3125,0.14227139 -0.51410274 2.34375,0.16853039 -0.55557023 2.375,0.19679247 -0.5956993 2.40625,0.22698955 -0.63439328 2.4375,0.25904887 -0.67155895 2.46875,0.29289322 -0.70710678 2.5,0.32844105 -0.74095113 2.53125,0.36560672 -0.77301045 2.5625,0.4043007 -0.80320753 2.59375,0.44442977 -0.83146961 2.625,0.48589726 -0.85772861 2.65625,0.52860326 -0.88192126 2.6875,0.57244491 -0.90398929 2.71875,0.61731657 -0.92387953 2.75,0.66311015 -0.94154407 2.78125,0.70971532 -0.95694034 2.8125,0.75701982 -0.97003125 2.84375,0.80490968 -0.98078528 2.875,0.85326953 -0.98917651 2.90625,0.90198286 -0.99518473 2.9375,0.95093233 -0.99879546 2.96875,1 -1 3,1.04906767 -0.99879546 3.03125,1.09801714 -0.99518473 3.0625,1.14673047 -0.98917651 3.09375,1.19509032 -0.98078528 3.125,1.24298018 -0.97003125 3.15625,1.29028468 -0.95694034 3.1875,1.33688985 -0.94154407 3.21875,1.38268343 -0.92387953 3.25,1.42755509 -0.90398929 3.28125,1.47139674 -0.88192126 3.3125,1.51410274 -0.85772861 3.34375,1.55557023 -0.83146961 3.375,1.5956993 -0.80320753 3.40625,1.63439328 -0.77301045 3.4375,1.67155895 -0.74095113 3.46875,1.70710678 -0.70710678 3.5,1.74095113 -0.67155895 3.53125,1.77301045 -0.63439328 3.5625,1.80320753 -0.5956993 3.59375,1.83146961 -0.55557023 3.625,1.85772861 -0.51410274 3.65625,1.88192126 -0.47139674 3.6875,1.90398929 -0.42755509 3.71875,1.92387953 -0.38268343 3.75,1.94154407 -0.33688985 3.78125,1.95694034 -0.29028468 3.8125,1.97003125 -0.24298018 3.84375,1.98078528 -0.19509032 3.875,1.98917651 -0.14673047 3.90625,1.99518473 -0.09801714 3.9375,1.99879546 -0.04906767 3.96875,2 0 4,1.99759091 0.09813535 3.9375,1.99036945 0.19603428 3.875,1.97835302 0.29346095 3.8125,1.96157056 0.39018064 3.75,1.94006251 0.48596036 3.6875,1.91388067 0.58056935 3.625,1.88308813 0.67377971 3.5625,1.84775907 0.76536686 3.5,1.80797859 0.85511019 3.4375,1.76384253 0.94279347 3.375,1.71545722 1.02820549 3.3125,1.66293922 1.11114047 3.25,1.60641506 1.19139861 3.1875,1.54602091 1.26878657 3.125,1.48190225 1.34311791 3.0625,1.41421356 1.41421356 3,1.34311791 1.48190225 2.9375,1.26878657 1.54602091 2.875,1.19139861 1.60641506 2.8125,1.11114047 1.66293922 2.75,1.02820549 1.71545722 2.6875,0.94279347 1.76384253 2.625,0.85511019 1.80797859 2.5625,0.76536686 1.84775907 2.5,0.67377971 1.88308813 2.4375,0.58056935 1.91388067 2.375,0.48596036 1.94006251 2.3125,0.39018064 1.96157056 2.25,0.29346095 1.97835302 2.1875,0.19603428 1.99036945 2.125,0.09813535 1.99759091 2.0625,0 2 2,-0.09813535 1.99759091 1.9375,-0.19603428 1.99036945 1.875,-0.29346095 1.97835302 1.8125,-0.39018064 1.96157056 1.75,-0.48596036 1.94006251 1.6875,-0.58056935 1.91388067 1.625,-0.67377971 1.88308813 1.5625,-0.76536686 1.84775907 1.5,-0.85511019 1.80797859 1.4375,-0.94279347 1.76384253 1.375,-1.02820549 1.71545722 1.3125,-1.11114047 1.66293922 1.25,-1.19139861 1.60641506 1.1875,-1.26878657 1.54602091 1.125,-1.34311791 1.48190225 1.0625,-1.41421356 1.41421356 1,-1.48190225 1.34311791 0.9375,-1.54602091 1.26878657 0.875,-1.60641506 1.19139861 0.8125,-1.66293922 1.11114047 0.75,-1.71545722 1.02820549 0.6875,-1.76384253 0.94279347 0.625,-1.80797859 0.85511019 0.5625,-1.84775907 0.76536686 0.5,-1.88308813 0.67377971 0.4375,-1.91388067 0.58056935 0.375,-1.94006251 0.48596036 0.3125,-1.96157056 0.39018064 0.25,-1.97835302 0.29346095 0.1875,-1.99036945 0.19603428 0.125,-1.99759091 0.09813535 0.0625,-2 0 0),(-1 0 1,0 0.5 2,1 0 3,0 1 3,-1 0 1))
ST_CurveToLine04|POLYGON((-2 0 0 0,-1.99879546 -0.04906767 0.03125 0.0625,-1.99518473 -0.09801714 0.0625 0.125,-1.98917651 -0.14673047 0.09375 0.1875,-1.98078528 -0.19509032 0.125 0.25,-1.97003125 -0.24298018 0.15625 0.3125,-1.95694034 -0.29028468 0.1875 0.375,-1.94154407 -0.33688985 0.21875 0.4375,-1.92387953 -0.38268343 0.25 0.5,-1.90398929 -0.42755509 0.28125 0.5625,-1.88192126 -0.47139674 0.3125 0.625,-1.85772861 -0.51410274 0.34375 0.6875,-1.83146961 -0.55557023 0.375 0.75,-1.80320753 -0.5956993 0.40625 0.8125,-1.77301045 -0.63439328 0.4375 0.875,-1.74095113 -0.67155895 0.46875 0.9375,-1.70710678 -0.70710678 0.5 1,-1.67155895 -0.74095113 0.53125 1.0625,-1.63439328 -0.77301045 0.5625 1.125,-1.5956993 -0.80320753 0.59375 1.1875,-1.55557023 -0.83146961 0.625 1.25,-1.51410274 -0.85772861 0.65625 1.3125,-1.47139674 -0.88192126 0.6875 1.375,-1.42755509 -0.90398929 0.71875 1.4375,-1.38268343 -0.92387953 0.75 1.5,-1.33688985 -0.94154407 0.78125 1.5625,-1.29028468 -0.95694034 0.8125 1.625,-1.24298018 -0.97003125 0.84375 1.6875,-1.19509032 -0.98078528 0.875 1.75,-1.14673047 -0.98917651 0.90625 1.8125,-1.09801714 -0.99518473 0.9375 1.875,-1.04906767 -0.99879546 0.96875 1.9375,-1 -1 1 2,-0.95093233 -0.99879546 1.03125 2.0625,-0.90198286 -0.99518473 1.0625 2.125,-0.85326953 -0.98917651 1.09375 2.1875,-0.80490968 -0.98078528 1.125 2.25,-0.75701982 -0.97003125 1.15625 2.3125,-0.70971532 -0.95694034 1.1875 2.375,-0.66311015 -0.94154407 1.21875 2.4375,-0.61731657 -0.92387953 1.25 2.5,-0.57244491 -0.90398929 1.28125 2.5625,-0.52860326 -0.88192126 1.3125 2.625,-0.48589726 -0.85772861 1.34375 2.6875,-0.44442977 -0.83146961 1.375 2.75,-0.4043007 -0.80320753 1.40625 2.8125,-0.36560672 -0.77301045 1.4375 2.875,-0.32844105 -0.74095113 1.46875 2.9375,-0.29289322 -0.70710678 1.5 3,-0.25904887 -0.67155895 1.53125 3.0625,-0.22698955 -0.63439328 1.5625 3.125,-0.19679247 -0.5956993 1.59375 3.1875,-0.16853039 -0.55557023 1.625 3.25,-0.14227139 -0.51410274 1.65625 3.3125,-0.11807874 -0.47139674 1.6875 3.375,-0.09601071 -0.42755509 1.71875 3.4375,-0.07612047 -0.38268343 1.75 3.5,-0.05845593 -0.33688985 1.78125 3.5625,-0.04305966 -0.29028468 1.8125 3.625,-0.02996875 -0.24298018 1.84375 3.6875,-0.01921472 -0.19509032 1.875 3.75,-0.01082349 -0.14673047 1.90625 3.8125,-0.00481527 -0.09801714 1.9375 3.875,-0.00120454 -0.04906767 1.96875 3.9375,0 0 2 4,0.00120454 -0.04906767 2.03125 4.0625,0.00481527 -0.09801714 2.0625 4.125,0.01082349 -0.14673047 2.09375 4.1875,0.01921472 -0.19509032 2.125 4.25,0.02996875 -0.24298018 2.15625 4.3125,0.04305966 -0.29028468 2.1875 4.375,0.05845593 -0.33688985 2.21875 4.4375,0.07612047 -0.38268343 2.25 4.5,0.09601071 -0.42755509 2.28125 4.5625,0.11807874 -0.47139674 2.3125 4.625,0.14227139 -0.51410274 2.34375 4.6875,0.16853039 -0.55557023 2.375 4.75,0.19679247 -0.5956993 2.40625 4.8125,0.22698955 -0.63439328 2.4375 4.875,0.25904887 -0.67155895 2.46875 4.9375,0.29289322 -0.70710678 2.5 5,0.32844105 -0.74095113 2.53125 5.0625,0.36560672 -0.77301045 2.5625 5.125,0.4043007 -0.80320753 2.59375 5.1875,0.44442977 -0.83146961 2.625 5.25,0.48589726 -0.85772861 2.65625 5.3125,0.52860326 -0.88192126 2.6875 5.375,0.57244491 -0.90398929 2.71875 5.4375,0.61731657 -0.92387953 2.75 5.5,0.66311015 -0.94154407 2.78125 5.5625,0.70971532 -0.95694034 2.8125 5.625,0.75701982 -0.97003125 2.84375 5.6875,0.80490968 -0.98078528 2.875 5.75,0.85326953 -0.98917651 2.90625 5.8125,0.90198286 -0.99518473 2.9375 5.875,0.95093233 -0.99879546 2.96875 5.9375,1 -1 3 6,1.04906767 -0.99879546 3.03125 6.0625,1.09801714 -0.99518473 3.0625 6.125,1.14673047 -0.98917651 3.09375 6.1875,1.19509032 -0.98078528 3.125 6.25,1.24298018 -0.97003125 3.15625 6.3125,1.29028468 -0.95694034 3.1875 6.375,1.33688985 -0.94154407 3.21875 6.4375,1.38268343 -0.92387953 3.25 6.5,1.42755509 -0.90398929 3.28125 6.5625,1.47139674 -0.88192126 3.3125 6.625,1.51410274 -0.85772861 3.34375 6.6875,1.55557023 -0.83146961 3.375 6.75,1.5956993 -0.80320753 3.40625 6.8125,1.63439328 -0.77301045 3.4375 6.875,1.67155895 -0.74095113 3.46875 6.9375,1.70710678 -0.70710678 3.5 7,1.74095113 -0.67155895 3.53125 7.0625,1.77301045 -0.63439328 3.5625 7.125,1.80320753 -0.5956993 3.59375 7.1875,1.83146961 -0.55557023 3.625 7.25,1.85772861 -0.51410274 3.65625 7.3125,1.88192126 -0.47139674 3.6875 7.375,1.90398929 -0.42755509 3.71875 7.4375,1.92387953 -0.38268343 3.75 7.5,1.94154407 -0.33688985 3.78125 7.5625,1.95694034 -0.29028468 3.8125 7.625,1.97003125 -0.24298018 3.84375 7.6875,1.98078528 -0.19509032 3.875 7.75,1.98917651 -0.14673047 3.90625 7.8125,1.99518473 -0.09801714 3.9375 7.875,1.99879546 -0.04906767 3.96875 7.9375,2 0 4 8,1.99759091 0.09813535 3.9375 7.875,1.99036945 0.19603428 3.875 7.75,1.97835302 0.29346095 3.8125 7.625,1.96157056 0.39018064 3.75 7.5,1.94006251 0.48596036 3.6875 7.375,1.91388067 0.58056935 3.625 7.25,1.88308813 0.67377971 3.5625 7.125,1.84775907 0.76536686 3.5 7,1.80797859 0.85511019 3.4375 6.875,1.76384253 0.94279347 3.375 6.75,1.71545722 1.02820549 3.3125 6.625,1.66293922 1.11114047 3.25 6.5,1.60641506 1.19139861 3.1875 6.375,1.54602091 1.26878657 3.125 6.25,1.48190225 1.34311791 3.0625 6.125,1.41421356 1.41421356 3 6,1.34311791 1.48190225 2.9375 5.875,1.26878657 1.54602091 2.875 5.75,1.19139861 1.60641506 2.8125 5.625,1.11114047 1.66293922 2.75 5.5,1.02820549 1.71545722 2.6875 5.375,0.94279347 1.76384253 2.625 5.25,0.85511019 1.80797859 2.5625 5.125,0.76536686 1.84775907 2.5 5,0.67377971 1.88308813 2.4375 4.875,0.58056935 1.91388067 2.375 4.75,0.48596036 1.94006251 2.3125 4.625,0.39018064 1.96157056 2.25 4.5,0.29346095 1.97835302 2.1875 4.375,0.19603428 1.99036945 2.125 4.25,0.09813535 1.99759091 2.0625 4.125,0 2 2 4,-0.09813535 1.99759091 1.9375 3.875,-0.19603428 1.99036945 1.875 3.75,-0.29346095 1.97835302 1.8125 3.625,-0.39018064 1.96157056 1.75 3.5,-0.48596036 1.94006251 1.6875 3.375,-0.58056935 1.91388067 1.625 3.25,-0.67377971 1.88308813 1.5625 3.125,-0.76536686 1.84775907 1.5 3,-0.85511019 1.80797859 1.4375 2.875,-0.94279347 1.76384253 1.375 2.75,-1.02820549 1.71545722 1.3125 2.625,-1.11114047 1.66293922 1.25 2.5,-1.19139861 1.60641506 1.1875 2.375,-1.26878657 1.54602091 1.125 2.25,-1.34311791 1.48190225 1.0625 2.125,-1.41421356 1.41421356 1 2,-1.48190225 1.34311791 0.9375 1.875,-1.54602091 1.26878657 0.875 1.75,-1.60641506 1.19139861 0.8125 1.625,-1.66293922 1.11114047 0.75 1.5,-1.71545722 1.02820549 0.6875 1.375,-1.76384253 0.94279347 0.625 1.25,-1.80797859 0.85511019 0.5625 1.125,-1.84775907 0.76536686 0.5 1,-1.88308813 0.67377971 0.4375 0.875,-1.91388067 0.58056935 0.375 0.75,-1.94006251 0.48596036 0.3125 0.625,-1.96157056 0.39018064 0.25 0.5,-1.97835302 0.29346095 0.1875 0.375,-1.99036945 0.19603428 0.125 0.25,-1.99759091 0.09813535 0.0625 0.125,-2 0 0 0),(-1 0 1 2,0 0.5 2 4,1 0 3 6,0 1 3 4,-1 0 1 2))
astext01|CURVEPOLYGON(CIRCULARSTRING(-2 0,-1 -1,0 0,1 -1,2 0,0 2,-2 0),(-1 0,0 0.5,1 0,0 1,-1 0))
astext02|CURVEPOLYGON M (CIRCULARSTRING M (-2 0 0,-1 -1 2,0 0 4,1 -1 6,2 0 8,0 2 4,-2 0 0),(-1 0 2,0 0.5 4,1 0 6,0 1 4,-1 0 2))
astext03|CURVEPOLYGON Z (CIRCULARSTRING Z (-2 0 0,-1 -1 1,0 0 2,1 -1 3,2 0 4,0 2 2,-2 0 0),(-1 0 1,0 0.5 2,1 0 3,0 1 3,-1 0 1))
astext04|CURVEPOLYGON ZM (CIRCULARSTRING ZM (-2 0 0 0,-1 -1 1 2,0 0 2 4,1 -1 3 6,2 0 4 8,0 2 2 4,-2 0 0 0),(-1 0 1 2,0 0.5 2 4,1 0 3 6,0 1 3 4,-1 0 1 2))
asewkt01|CURVEPOLYGON(CIRCULARSTRING(-2 0,-1 -1,0 0,1 -1,2 0,0 2,-2 0),(-1 0,0 0.5,1 0,0 1,-1 0))
asewkt02|CURVEPOLYGONM(CIRCULARSTRINGM(-2 0 0,-1 -1 2,0 0 4,1 -1 6,2 0 8,0 2 4,-2 0 0),(-1 0 2,0 0.5 4,1 0 6,0 1 4,-1 0 2))
asewkt03|CURVEPOLYGON(CIRCULARSTRING(-2 0 0,-1 -1 1,0 0 2,1 -1 3,2 0 4,0 2 2,-2 0 0),(-1 0 1,0 0.5 2,1 0 3,0 1 3,-1 0 1))
asewkt04|CURVEPOLYGON(CIRCULARSTRING(-2 0 0 0,-1 -1 1 2,0 0 2 4,1 -1 3 6,2 0 4 8,0 2 2 4,-2 0 0 0),(-1 0 1 2,0 0.5 2 4,1 0 3 6,0 1 3 4,-1 0 1 2))
ERROR:  Exception in LWGEOM2GEOS: curved geometry not supported.
ERROR:  Exception in LWGEOM2GEOS: curved geometry not supported.
ERROR:  Exception in LWGEOM2GEOS: curved geometry not supported.
ERROR:  Exception in LWGEOM2GEOS: curved geometry not supported.
dimension01|2
dimension02|2
dimension03|2
dimension04|2
SRID01|0
SRID02|0
SRID03|0
SRID04|0
envelope01|POLYGON((-2 -1,-2 2,2 2,2 -1,-2 -1))
envelope02|POLYGON((-2 -1,-2 2,2 2,2 -1,-2 -1))
envelope03|POLYGON((-2 -1,-2 2,2 2,2 -1,-2 -1))
envelope04|POLYGON((-2 -1,-2 2,2 2,2 -1,-2 -1))
startPoint01|t
startPoint02|t
startPoint03|t
startPoint04|t
endPoint01|t
endPoint02|t
endPoint03|t
endPoint04|t
exteriorRing01|CIRCULARSTRING(-2 0,-1 -1,0 0,1 -1,2 0,0 2,-2 0)
exteriorRing02|CIRCULARSTRINGM(-2 0 0,-1 -1 2,0 0 4,1 -1 6,2 0 8,0 2 4,-2 0 0)
exteriorRing03|CIRCULARSTRING(-2 0 0,-1 -1 1,0 0 2,1 -1 3,2 0 4,0 2 2,-2 0 0)
exteriorRing04|CIRCULARSTRING(-2 0 0 0,-1 -1 1 2,0 0 2 4,1 -1 3 6,2 0 4 8,0 2 2 4,-2 0 0 0)
numInteriorRings01|1
numInteriorRings02|1
numInteriorRings03|1
numInteriorRings04|1
interiorRingN-101|LINESTRING(-1 0,0 0.5,1 0,0 1,-1 0)
interiorRingN-102|LINESTRINGM(-1 0 2,0 0.5 4,1 0 6,0 1 4,-1 0 2)
interiorRingN-103|LINESTRING(-1 0 1,0 0.5 2,1 0 3,0 1 3,-1 0 1)
interiorRingN-104|LINESTRING(-1 0 1 2,0 0.5 2 4,1 0 3 6,0 1 3 4,-1 0 1 2)
interiorRingN-201|
interiorRingN-202|
interiorRingN-203|
interiorRingN-204|
public.curvepolygon.the_geom_2d effectively removed.
public.curvepolygon.the_geom_3dm effectively removed.
public.curvepolygon.the_geom_3dz effectively removed.
public.curvepolygon.the_geom_4d effectively removed.
valid wkt curve polygon 1|010a00000001000000010200000007000000ccdf061ad9f3614054093e6d99093ec0ab9085dbb6dd614081540229216040c0ebd7a828c33e62409bf026782a7e41c0000000c06bb2624000000020adb440c08e632f616ead6240c9f7b0bf1dd33dc09011eec0de4362407dd6672f76323ec0ccdf061ad9f3614054093e6d99093ec0
valid wkt curve polygon 2|010a00000002000000010200000007000000ccdf061ad9f3614054093e6d99093ec0ab9085dbb6dd614081540229216040c0ebd7a828c33e62409bf026782a7e41c0000000c06bb2624000000020adb440c08e632f616ead6240c9f7b0bf1dd33dc09011eec0de4362407dd6672f76323ec0ccdf061ad9f3614054093e6d99093ec00102000000060000006844c4fe011b6240342e2993e0423fc0d45daf9d93066240c4a0c305d62240c000000080ac31624000000020fbbe40c0000000e0107f6240000000c0a10440c04e1c0c14624c6240bf3fb6405c793fc06844c4fe011b6240342e2993e0423fc0
valid wkt curve polygon 3|010a00000001000000010800000007000000ccdf061ad9f3614054093e6d99093ec0ab9085dbb6dd614081540229216040c0ebd7a828c33e62409bf026782a7e41c0000000c06bb2624000000020adb440c08e632f616ead6240c9f7b0bf1dd33dc09011eec0de4362407dd6672f76323ec0ccdf061ad9f3614054093e6d99093ec0
valid wkt curve polygon 4|010a00000002000000010800000007000000ccdf061ad9f3614054093e6d99093ec0ab9085dbb6dd614081540229216040c0ebd7a828c33e62409bf026782a7e41c0000000c06bb2624000000020adb440c08e632f616ead6240c9f7b0bf1dd33dc09011eec0de4362407dd6672f76323ec0ccdf061ad9f3614054093e6d99093ec00102000000060000006844c4fe011b6240342e2993e0423fc0d45daf9d93066240c4a0c305d62240c000000080ac31624000000020fbbe40c0000000e0107f6240000000c0a10440c04e1c0c14624c6240bf3fb6405c793fc06844c4fe011b6240342e2993e0423fc0
valid wkt curve polygon 5|010a00000002000000010200000007000000ccdf061ad9f3614054093e6d99093ec0ab9085dbb6dd614081540229216040c0ebd7a828c33e62409bf026782a7e41c0000000c06bb2624000000020adb440c08e632f616ead6240c9f7b0bf1dd33dc09011eec0de4362407dd6672f76323ec0ccdf061ad9f3614054093e6d99093ec00109000000030000000108000000030000006844c4fe011b6240342e2993e0423fc0d45daf9d93066240c4a0c305d62240c000000080ac31624000000020fbbe40c001020000000200000000000080ac31624000000020fbbe40c0000000e0107f6240000000c0a10440c0010800000003000000000000e0107f6240000000c0a10440c04e1c0c14624c6240bf3fb6405c793fc06844c4fe011b6240342e2993e0423fc0
ERROR:  geometry contains non-closed rings
ERROR:  geometry contains non-closed rings
ERROR:  geometry contains non-closed rings
ERROR:  geometry must have an odd number of points
ERROR:  geometry must have an odd number of points
ERROR:  incontinuous compound curve
ERROR:  geometry contains non-closed rings
ERROR:  geometry requires more points
valid ewkb curve polygon 1|CURVEPOLYGON((143.620251668383 -30.0374973560768,142.928571472997 -32.751011968744,145.961323098919 -34.9856710615288,149.575653076172 -33.4115333557129,149.419724075848 -29.8246726805735,146.120941605547 -30.1971158627043,143.620251668383 -30.0374973560768))
valid ewkb curve polygon 2|CURVEPOLYGON((143.620251668383 -30.0374973560768,142.928571472997 -32.751011968744,145.961323098919 -34.9856710615288,149.575653076172 -33.4115333557129,149.419724075848 -29.8246726805735,146.120941605547 -30.1971158627043,143.620251668383 -30.0374973560768),(144.843993552527 -31.2612392402209,144.205519526017 -32.2721564488616,145.552307128906 -33.4920387268066,147.970809936523 -32.0361862182617,146.386972449926 -31.4740639157242,144.843993552527 -31.2612392402209))
valid ewkb curve polygon 3|CURVEPOLYGON(CIRCULARSTRING(143.620251668383 -30.0374973560768,142.928571472997 -32.751011968744,145.961323098919 -34.9856710615288,149.575653076172 -33.4115333557129,149.419724075848 -29.8246726805735,146.120941605547 -30.1971158627043,143.620251668383 -30.0374973560768))
valid ewkb curve polygon 4|CURVEPOLYGON(CIRCULARSTRING(143.620251668383 -30.0374973560768,142.928571472997 -32.751011968744,145.961323098919 -34.9856710615288,149.575653076172 -33.4115333557129,149.419724075848 -29.8246726805735,146.120941605547 -30.1971158627043,143.620251668383 -30.0374973560768),(144.843993552527 -31.2612392402209,144.205519526017 -32.2721564488616,145.552307128906 -33.4920387268066,147.970809936523 -32.0361862182617,146.386972449926 -31.4740639157242,144.843993552527 -31.2612392402209))
valid ewkb curve polygon 5|CURVEPOLYGON((143.620251668383 -30.0374973560768,142.928571472997 -32.751011968744,145.961323098919 -34.9856710615288,149.575653076172 -33.4115333557129,149.419724075848 -29.8246726805735,146.120941605547 -30.1971158627043,143.620251668383 -30.0374973560768),COMPOUNDCURVE(CIRCULARSTRING(144.843993552527 -31.2612392402209,144.205519526017 -32.2721564488616,145.552307128906 -33.4920387268066),(145.552307128906 -33.4920387268066,147.970809936523 -32.0361862182617),CIRCULARSTRING(147.970809936523 -32.0361862182617,146.386972449926 -31.4740639157242,144.843993552527 -31.2612392402209)))
valid curve 6|010a0000000200000001090000000200000001080000000500000000000000000000000000000000000000000000000000004000000000000000000000000000000040000000000000f03f00000000000000400000000000000840000000000000104000000000000008400102000000040000000000000000001040000000000000084000000000000010400000000000001440000000000000f03f000000000000104000000000000000000000000000000000010800000003000000333333333333fb3f000000000000f03f666666666666f63f9a9999999999d93f333333333333fb3f000000000000f03f
ERROR:  geometry requires more points
valid curve 8|010a0000000200000001090000000200000001080000000500000000000000000000000000000000000000000000000000004000000000000000000000000000000040000000000000f03f00000000000000400000000000000840000000000000104000000000000008400102000000020000000000000000001040000000000000084000000000000000000000000000000000010800000003000000333333333333fb3f000000000000f03f666666666666f63f9a9999999999d93f333333333333fb3f000000000000f03f
null response|
