POINT(1 1)|01000202
POINT(1 1)|01000202
POINT(78 -78)|01009c019b01
POINT(123.456789 987.654321)|4100f4c0019a870c
LINESTRING(120 10, -50 20, 300 -2)|020003f00114d30214bc052b
LINESTRING(120 10, -50 20, 300 -2)|420003c0bb01d00fcf8902d00ff0a204af22
LINESTRING(120.54 10.78, -50.2 20.878, 300.789 -21)|020003f20116d50214be0553
POLYGON((1 1, 1 2, 2 2, 2 1, 1 1))|0300010502020002020000010100
POLYGON((1 1, 1 20, 20 20, 20 1, 1 1),(3 3,3 4, 4 4,4 3,3 3))|03000205020200262600002525000504040002020000010100
MULTIPOINT((1 1),(2 2))|04000202020202
MULTILINESTRING((1 1,1 2,2 2),(3 3,3 4,4 4))|0500020302020002020003020200020200
MULTIPOLYGON(((1 1, 1 2, 2 2, 2 1, 1 1)),((3 3,3 4,4 4,4 3,3 3)))|060002010502020002020000010100010504040002020000010100
MULTIPOLYGON(((1 1, 1 20, 20 20, 20 1, 1 1),(3 3,3 4, 4 4,4 3,3 3)),((-1 1, -1 20, -20 20, -20 1, -1 1),(-3 3,-3 4, -4 4,-4 3,-3 3)))|06000202050202002626000025250005040400020200000101000205070300262500002526000503040002010000010200
GEOMETRYCOLLECTION(POINT(1 1),LINESTRING(2 2,3 3))|0700020100020202000204040202
GEOMETRYCOLLECTION(MULTIPOINT(1 1,2 2),POINT(78 -78),POLYGON((1 1,1 2,2 2,2 1,1 1)))|0700030400020202020201009c019b010300010502020002020000010100
